% -------------------------------------------------------------------
%  Generated by MATLAB on 21-May-2021 13:24:45
%  MATLAB version: 9.10.0.1602886 (R2021a)
% -------------------------------------------------------------------
                                      

Battery = struct;
Battery.SOC_LUT = [0; 0.233616805137395; 0.329414704495221; 0.425212603853047; ...
                   0.521010503210872; 0.616808402568698; 0.712606301926523; ...
                   0.808404201284349; 0.904202100642174; 1];
Battery.Temperature_LUT = [278.15 293.15 323.15];
Battery.Capacity_LUT = [31 31 31];
Battery.Em_LUT = ...
  [3.4958759606354097 3.5132611143057861 3.5159290900872318;
   3.5585858579836995 3.5719535891022747 3.5723735697447565;
   3.6072417703285651 3.6206832776361231 3.6276550186985541;
   3.6477123578810522 3.6576000194742893 3.6661128609733216;
   3.6931462119468947 3.6976096265148315 3.706816042987497;
   3.7554917727858883 3.7577326361394681 3.7669665176346161;
   3.841654177271328 3.8508348904713392 3.866458653816919;
   3.9510505925678463 3.9577248998673342 3.9661735549629862;
   4.0636658069480678 4.0670892320049186 4.0723631795794439;
   4.1906518044004679 4.19061236732397 4.19167206628709];
Battery.R0_LUT = ...
  [0.0099999811688461417 0.00969375106236189 0.0070814589673861561;
   0.00999856430024017 0.009112390763261714 0.00787358934878206;
   0.0099873027271161711 0.0089463253088402032 0.0083717461520792028;
   0.0099626288404371724 0.0087943015677151813 0.0083561100080138534;
   0.0098727543924410372 0.0083702809344980249 0.0082078980955552928;
   0.0099954313405087383 0.0079665777279155064 0.0078372923375043015;
   0.0099019970567568 0.0082931776284943751 0.00843184907817345;
   0.0099475314201310679 0.0084622390461548212 0.0085774737397294135;
   0.0098886426251903851 0.0086004633911622233 0.00783809261162198;
   0.0099354661346584133 0.0086943056279542123 0.0076103062416778867];
Battery.R1_LUT = ...
  [0.0049994776995861091 0.0017641477716760067 0.0031640356154338375;
   0.0049951996147120118 0.0018231995879484889 0.0022275828893420137;
   0.004979423190976987 0.0021560263955701358 0.0019851572515811964;
   0.0049811721127188445 0.0019006029312371644 0.0018301981076225954;
   0.0045094054379641538 0.0017898790502983487 0.001838037725586734;
   0.0039812796695914169 0.0019185478109661862 0.0020743137909541437;
   0.0037669149277279085 0.0018800837575675537 0.0019867238484944619;
   0.0041916362206415106 0.00214433717754946 0.0016190219982629307;
   0.0044260401791164621 0.0015524682164607261 0.0021103441137020006;
   0.0043148382380379631 0.0015497078403642977 0.0021872774927868934];
Battery.C1_LUT = ...
  [1983.3845083752119 78841.4936600274 1101.5762566689593;
   4685.2948826021338 46429.681621328571 4135.5283059377762;
   9956.7754102313338 63356.408379593682 12730.597687163074;
   11168.869564852592 44437.724042835143 12079.467037375245;
   4241.7539672130561 25121.858132263864 9873.9719693611623;
   4860.184999461575 15430.164315914148 2313.8430298151416;
   8563.3288729276683 19567.710915180956 8773.5960462344938;
   11272.459696642012 21732.149400551665 11126.467969118292;
   3899.6527346980956 15798.991407091682 2546.1677311165295;
   2937.3854476985666 42171.323585568345 1720.829166617395];
Battery.cell_mass = 0.84;
Battery.cell_rho_Cp = 2.04E+6;
Battery.cell_Cp_heat = 964.92;
Battery.T_init = 288.15;
Battery.Qe_init = 7.75;
Battery.R_bleed = 20;
Battery.h_conv = 5;
Battery.cell_area = 0.1019;
Battery.TempInit = 288.15;
Battery.SOCInit = [0.75 0.75 0.75 0.75 0.78 0.72];

