% -------------------------------------------------------------------
%  Generated by MATLAB on 21-May-2021 13:32:05
%  MATLAB version: 9.10.0.1602886 (R2021a)
% -------------------------------------------------------------------
                                   

SOCInit = 0.75;

